155 3
154 2
152 2
154 2
155 3
156 3

110 6
112 4
113 4
115 2
117 2
115 2
113 4
112 4

109 16
109 14
108 13
107 14
107 15
106 14
106 13
104 11
105 11
106 12
106 13
107 14
108 13
108 11
107 10
107 8
107 10
108 11
108 13
109 14

195 24
196 24

203 30
202 29
201 29
199 27
198 27
199 27
201 29
202 29

317 32
317 30
315 28
317 30

279 38
296 38
297 37
299 37
300 36
301 36
303 34
304 34
306 32
306 31
307 30
307 27
306 26
306 25
304 23
303 23
301 21
300 21
299 20
298 20
297 19
295 19
294 18
292 18
291 17
289 17
288 16
284 16
283 15
281 15
280 14
275 14
274 13
267 13
266 12
259 12
258 13
248 13
247 14
242 14
241 15
237 15
236 16
233 16
232 17
229 17
228 18
225 18
224 19
221 19
220 20
215 20
214 21
213 21
212 22
208 22
207 23
206 22
205 22
204 23
199 23
204 23
205 22
211 22
212 21
214 21
215 20
220 20
221 19
224 19
225 18
228 18
229 17
232 17
233 16
236 16
237 15
241 15
242 14
247 14
248 13
258 13
259 12
266 12
267 13
275 13
276 14
280 14
281 15
284 15
285 16
288 16
289 17
291 17
292 18
294 18
295 19
297 19
298 20
299 20
300 21
301 21
302 22
303 22
304 23
305 23
306 24
306 25
307 26
307 31
306 32
306 33
305 34
304 34
303 35
302 35
301 36
300 36
299 37
297 37
296 38

107 38
106 37
105 37
103 35
102 35
97 30
97 29
95 27
95 25
94 24
94 19
99 14
94 19
94 21
95 22
94 23
94 24
95 25
95 26
96 27
96 28
105 37
106 37

109 39

278 40
277 39
273 39
272 38
269 38
272 38
273 37
272 36
269 36
272 36
273 37
277 37
273 37
272 38
273 39
277 39
278 40
297 40
298 39
300 39
301 38
303 38
305 36
306 36
311 31
311 26
311 31
310 32
310 33
307 36
306 36
305 37
304 37
303 38
301 38
300 39
298 39
297 40

234 42
233 41
232 41
230 39
229 39
227 37
225 37
224 36
225 37
228 37
230 39
231 39
234 42
241 42

167 44
168 43
167 42
166 42
164 40
163 40
162 39
161 39
160 38
159 38
161 38
162 37
161 36
160 36
161 36
162 37
165 37
166 38
170 38
171 39
174 39
175 40
178 40
175 40
174 39
171 39
170 38
166 38
165 37
162 37
161 38
162 39
163 39
164 40
165 40
167 42
168 42
169 43
168 43

307 45
308 45
309 44
308 45

125 45

258 52
286 52
287 51
295 51
296 50
300 50
301 49
304 49
305 48
307 48
308 47
309 47
310 46
311 46
316 41
316 40
317 39
317 38
318 37
318 36
319 35
319 29
318 28
318 27
313 22
312 22
311 21
310 21
309 20
306 20
305 19
303 19
302 18
300 18
299 17
298 17
297 16
296 16
295 15
293 15
292 14
290 14
289 13
287 13
286 12
283 12
282 11
278 11
277 10
270 10
269 9
247 9
246 10
239 10
238 11
234 11
233 12
231 12
230 13
226 13
225 14
222 14
221 15
219 15
218 16
215 16
214 17
211 17
210 18
207 18
206 19
204 19
203 20
200 20
199 21
196 21
194 19
194 18
193 17
193 16
191 14
191 13
184 6
183 6
181 4
180 4
178 2
177 2
179 2
181 4
182 4
184 6
185 6
191 12
191 13
193 15
193 16
194 17
194 18
197 21
199 21
200 20
203 20
204 19
206 19
207 18
210 18
211 17
214 17
215 16
218 16
219 15
221 15
222 14
225 14
226 13
230 13
231 12
233 12
234 11
238 11
239 10
246 10
247 9
269 9
270 10
277 10
278 11
282 11
283 12
286 12
287 13
289 13
290 14
292 14
293 15
295 15
296 16
298 16
300 18
302 18
303 19
305 19
306 20
309 20
310 21
312 21
313 22
314 22
318 26
318 27
319 28
319 35
318 36
318 38
317 39
317 40
316 41
316 42
312 46
310 46
309 47
308 47
307 48
305 48
304 49
301 49
300 50
296 50
295 51
287 51
286 52

175 54
177 52
178 52
180 50
182 50
183 49
185 49
186 48
189 48
189 49
190 50
190 52
191 53
190 52
190 50
188 48
186 48
185 49
183 49
182 50
180 50
178 52
177 52

210 60
212 60
214 58
213 57
213 54
212 53
212 52
211 51
208 51
208 48
209 47
209 46
210 46
211 45
218 45
219 46
221 46
222 47
224 47
225 48
228 48
229 49
230 49
232 51
234 51
237 54
238 54
240 56
251 56
239 56
237 54
236 54
233 51
232 51
231 50
230 50
229 49
228 49
227 48
225 48
224 49
225 50
226 50
225 50
224 49
222 49
224 49
225 48
224 47
222 47
221 46
219 46
218 45
212 45
211 46
210 46
209 47
209 48
208 49
208 50
209 51
212 51
212 53
213 54
213 57
214 58
213 59
213 60

203 61
202 60
200 60
200 58
201 57
201 56
203 54
203 53
205 51
205 50
206 49
206 47
207 46
207 36
205 34
205 32
211 32
212 33
214 33
215 34
216 34
217 35
218 35
219 36
220 36
222 38
223 38
224 39
225 39
227 41
228 41
230 43
231 43
233 45
234 45
235 46
236 46
238 48
239 48
240 49
241 49
242 50
243 50
244 51
245 51
246 52
247 52
248 53
250 53
251 54
254 54
255 53
254 52
254 51
256 51
255 51
254 52
255 53
256 53
257 54
258 54
258 56
257 57
254 57
253 58
242 58
253 58
254 57
256 57
258 55
256 53
255 53
254 54
255 55
254 54
251 54
250 53
248 53
247 52
246 52
245 51
243 51
242 50
241 50
240 49
239 49
238 48
237 48
235 46
234 46
233 45
232 45
230 43
229 43
227 41
226 41
224 39
223 39
222 38
221 38
219 36
218 36
216 34
214 34
213 33
212 33
211 32
206 32
205 33
206 34
206 35
207 36
207 46
206 47
206 49
205 50
205 51
204 52
204 53
202 55
202 56
201 57
201 58
200 59
201 60
202 60
203 61
208 61

161 61
160 60
158 60
157 59
156 59
155 58
154 58
153 57
151 57
150 56
149 56
148 55
147 55
146 54
145 54
143 52
142 52
141 51
142 50
143 50
144 49
152 49
153 48
159 48
160 47
166 47
167 46
172 46
173 45
174 45
175 44
176 44
177 43
178 43
180 41
181 41
182 40
183 40
184 39
185 39
188 36
187 35
186 35
185 36
183 36
182 37
183 36
185 36
186 35
187 35
188 34
187 35
188 36
189 36
195 30
193 28
192 29
191 29
191 20
190 19
190 18
188 16
188 15
181 8
180 8
178 6
177 6
176 5
175 5
174 4
173 4
172 3
171 3
170 2
169 2
170 2
171 3
172 3
173 4
174 4
175 5
177 5
179 7
180 7
181 8
182 8
188 14
188 15
190 17
190 19
191 20
191 28
192 29
193 28
195 30
196 29
198 29
200 31
200 32
202 34
202 36
203 37
203 38
204 39
204 47
203 48
203 50
201 52
201 53
199 55
199 56
197 56
196 57
195 56
195 55
194 54
194 53
192 51
192 49
191 48
193 48
192 49
192 50
194 52
194 53
195 54
195 55
196 56
198 56
200 54
200 53
203 50
203 48
204 47
204 39
203 38
203 37
202 36
202 35
200 33
200 32
197 29
190 36
189 36
186 39
185 39
184 40
183 40
182 41
181 41
179 43
178 43
177 44
175 44
174 45
173 45
172 46
167 46
166 47
160 47
159 48
153 48
152 49
144 49
142 51
143 52
144 52
146 54
147 54
149 56
150 56
151 57
153 57
154 58
155 58
156 59
157 59
158 60
160 60
161 61
165 61

216 78
212 74
211 74
204 67
204 66
202 64
203 63
210 63
211 62
214 62
214 64
215 65
215 67
216 68
216 70
217 71
217 74
218 75
218 78

217 78
218 77
218 75
217 74
217 71
216 70
216 68
215 67
215 65
214 64
214 63
213 62
211 62
210 63
203 63
202 64
203 65
204 65
204 66
212 74
213 74

255 97
257 97
259 95
258 94
257 94
256 95
255 95
256 95
257 94
259 94
259 96
258 96
257 97

237 97
236 96
235 96
234 95
233 95
232 94
231 94
230 95
228 95
227 94
222 94
227 94
228 95
230 95
231 94
228 91
227 91
225 89
224 89
220 85
219 85
213 79
212 79
203 70
203 69
198 64
198 63
196 61
196 60
193 57
193 56
192 55
193 56
193 57
195 59
196 59
196 60
198 62
198 63
199 64
199 65
213 79
214 79
220 85
221 85
225 89
226 89
228 91
229 91
232 94
233 94
234 95
235 95

275 99
248 72
248 71
240 63
240 62
235 57
235 56
233 54
239 60
239 61
248 70
248 71
273 96
273 97

235 99
234 98
232 98
231 97
228 97
231 97
232 98
234 98
235 99
240 99

235 104
237 104
238 103
237 102
235 102
236 102
237 101
240 101
238 101
237 102
238 103
251 103
253 101
262 101
263 100
262 99
246 99
245 100
244 100
240 96
239 96
235 92
234 92
230 88
229 88
225 84
224 84
222 82
222 78
221 77
221 73
220 72
220 69
219 68
219 66
218 65
218 62
217 61
217 59
216 58
216 56
215 55
215 53
214 52
214 48
220 48
215 48
214 49
214 52
215 53
215 55
216 56
216 58
217 59
217 61
218 62
218 65
219 66
219 68
220 69
220 72
221 73
221 77
222 78
222 81
226 85
227 85
230 88
231 88
235 92
236 92
240 96
241 96
245 100
246 99
262 99
263 100
266 100
263 100
262 101
263 102
265 102
263 102
262 101
254 101
253 102
252 102
251 103
238 103
237 104

280 113
279 112
270 112
269 111
268 111
264 107
263 107
262 106
261 106
260 107
262 109
263 109
262 109
261 108
260 108
258 106
257 106
256 105
254 105
256 105
257 104
256 103
255 103
256 103
257 104
259 104
260 105
261 105
262 106
263 106
266 109
267 109
270 112
279 112
280 113
285 113
286 112
282 108
281 108
279 106
277 106
278 106
279 105
278 104
277 104
279 104
279 105
286 112
286 113

256 105
257 106
258 106
259 105
258 104
257 104

258 106
259 107
260 107
261 106
260 105
259 105

189 119
189 109
192 106
194 106
193 106
189 110

216 121
218 121
219 120
221 120
222 119
223 119
224 118
227 118
228 117
231 117
232 116
236 116
237 115
241 115
242 114
247 114
248 113
254 113
255 112
262 112
263 111
264 111
263 111
262 112
255 112
254 113
248 113
247 114
242 114
241 115
237 115
236 116
232 116
231 117
228 117
227 118
224 118
223 119
222 119
221 120
219 120
218 121

287 129
286 128
280 128
279 127
277 127
279 127
280 128
286 128
287 129
288 129

282 130

285 133
286 133
287 132
286 133

249 133

254 134
254 133
258 129
257 128
255 128
254 129
251 129
250 130
247 130
246 131
241 131
246 131
247 130
250 130
251 129
254 129
255 128
257 128
258 127
259 127
259 128
254 133

257 128
258 129
259 128
258 127

253 136
251 134

230 138

225 139
224 138
224 137
227 137
228 136
229 136
230 135
231 135
232 134
233 134
234 133
235 133
234 134
232 134
231 135
230 135
229 136
228 136
227 137
225 137
224 138
225 139
226 139

228 140
229 140

311 143
310 142
310 138
311 137
311 136
313 134
313 133
311 131
310 131
309 132
308 132
304 136
304 138
305 139
305 141
306 142
307 142
308 141
308 137
309 136
309 135
310 134
309 135
309 136
308 137
308 142
306 142
305 141
305 139
304 138
304 136
303 135
302 136
302 137
302 136
303 135
303 133
306 130
307 130
308 129
311 129
312 130
313 130
314 131
316 131
318 129
318 128
319 127
319 125
323 121
323 120
323 121
319 125
319 127
318 128
318 130
317 131
314 131
313 130
312 130
311 131
313 133
314 133
315 134
316 134
316 136
315 137
315 138
315 137
316 136
316 135
314 133
313 134
313 135
310 138
310 141
312 143

303 135
304 136
305 135
305 134
306 133
307 133
309 131
311 131
312 130
311 129
308 129
306 131
305 131
303 133

210 147
210 145
209 144
209 143
208 142
208 141
207 140
207 138
204 135
203 135
197 129
196 129
195 128
194 128
193 127
193 126
191 124
188 124
187 123
185 123
185 121
184 120
184 119
183 118
183 108
184 107
184 106
186 104
195 104
196 103
195 102
187 102
186 101
187 102
195 102
196 103
198 103
200 105
201 105
205 109
206 109
210 113
210 114
215 119
210 114
210 113
208 111
207 111
203 107
202 107
199 104
198 104
197 103
196 103
195 104
187 104
183 108
183 118
184 119
184 120
185 121
185 122
186 123
187 123
188 124
189 124
190 123
190 121
190 123
191 124
192 123
192 120
191 119
191 111
194 108
195 108
196 107
198 107
200 109
201 109
202 110
203 110
213 120
213 121
215 123
215 124
216 125
217 124
219 124
219 125
220 126
220 133
218 135
216 135
214 137
214 139
215 140
216 140
217 139
216 138
217 137
218 137
218 139
217 139
216 140
217 141
217 143
215 145
215 146
214 147

193 110
194 111
195 111
196 110
196 109
195 108

213 127
214 128
216 126
216 125
213 122
213 121
202 110
201 110
200 109
199 109
197 107
196 108
196 109
199 112
200 112
203 115
204 115
208 119
208 120
211 123
211 124
213 126

216 138
217 139
218 138
217 137

210 146
211 147
213 147
215 145
215 144
217 142
215 140
214 140
214 136
215 136
216 135
217 135
220 132
220 126
218 124
217 124
216 125
216 127
215 128
213 128
212 129
208 129
207 130
208 131
213 131
214 130
216 130
218 128
218 127
218 128
216 130
214 130
213 131
207 131
207 129
210 129
211 128
210 127
210 126
208 124
208 123
199 114
208 123
208 124
210 126
210 127
212 129
213 128
213 127
212 126
212 125
210 123
210 122
200 112
199 112
197 110
196 110
195 111
197 113
195 111
194 111
193 110
191 112
191 119
192 120
192 125
195 128
196 128
197 129
198 129
204 135
205 135
206 136
206 137
207 138
207 140
208 141
208 142
209 143
209 144
210 145

326 148
326 147
327 146
327 143
328 142
328 141
326 139
327 140
328 140
328 143
327 144
327 146
326 147

322 148
322 142
321 141
320 142
320 145
318 145
317 144
316 144
315 143
314 143
314 140
314 142
315 143
316 142
316 140
317 139
317 138
318 137
319 137
320 136
322 138
322 139
323 140
324 139
324 138
324 140
322 142
322 146
323 147
324 147
323 147

321 141
322 142
323 141
323 140
322 139
321 140

318 144
319 145
320 144
320 142
321 141
321 140
322 139
322 138
320 136
316 140
316 143
317 144

254 148
254 147

308 149
308 148

293 156
292 155
290 155
289 154
285 154
284 153
284 152
286 150
286 149
286 150
284 152
284 153
285 154
289 154
290 155
292 155
293 154
293 153
289 149
289 148
288 147
288 146
287 145
287 137
288 136
288 134
289 133
289 132
291 130
294 130
295 131
295 133
296 134
296 136
297 137
297 143
298 144
298 147
297 148
297 151
296 152
296 156

294 153
295 153
297 151
297 148
298 147
298 144
297 143
297 137
296 136
296 134
295 133
295 132
293 130
292 130
288 134
288 136
287 137
287 145
289 147
289 148

293 155
294 156
295 156
296 155
296 154
295 153
294 153
293 154

267 156
266 155
264 155
263 154
262 154
261 155
250 155
250 154
249 153
248 154
247 154
246 155
240 155
238 153
237 153
236 152
235 153
236 152
235 151
235 148
233 146
232 146
231 145
231 141
232 140
232 139
233 138
233 137
234 136
235 136
236 135
237 135
238 134
245 134
246 135
248 135
251 138
251 139
252 140
252 148
251 149
251 151
249 153
251 155
261 155
262 154
258 150
258 149
257 148
257 147
256 146
256 144
255 143
255 138
256 137
256 135
257 134
257 133
260 130
261 130
262 129
264 129
265 128
274 128
275 129
277 129
278 130
279 130
284 135
284 137
285 138
285 146
284 147
284 149
279 154
278 154
277 155
275 155
274 156

241 155
246 155
251 150
251 149
252 148
252 140
247 135
246 135
245 134
238 134
236 136
235 136
233 138
233 139
231 141
231 144
233 146
234 146
235 147
235 150
238 153
239 153

266 155
267 156
274 156
275 155
277 155
284 148
284 147
285 146
285 138
284 137
284 136
278 130
277 130
276 129
275 129
274 128
265 128
264 129
263 129
262 130
261 130
257 134
257 135
256 136
256 137
255 138
255 143
256 144
256 146
258 148
258 149
263 154
264 154
265 155

227 156
226 155
226 154
225 153
224 154
221 151
220 152
220 153
221 154
220 155
219 155
217 153
217 152
216 151
216 148
217 147
217 146
219 144
219 143
220 143
222 141
226 141
223 141
222 142
221 142
217 146
217 147
216 148
216 151
218 153
218 154
219 155
220 155
221 154
220 153
220 152
219 151
219 150
220 149
220 147
221 146
221 145
222 144
223 144
224 143
225 143
224 143
220 147
220 149
221 150
222 149
222 148
225 145
228 145
231 148
232 148
232 149
233 150
233 151
232 152
232 153
231 154
231 155
230 155
229 156

219 151
220 152
221 151
221 150
220 149
219 150

225 153
226 154
227 153
227 151
226 150
225 151

224 154
225 153
225 150
226 149
226 150
227 151
228 150
228 149
229 149
230 148
230 147
229 146
228 147
228 146
227 145
225 145
222 148
222 149
221 150
221 151

226 155
227 156
228 156
229 155
230 155
231 154
231 153
233 151
233 150
231 148
230 148
227 151
227 153
226 154

224 156

216 167
216 166
215 165
215 164
214 163
214 162
212 160
212 158
211 157
211 150
212 150
213 149
214 149
214 151
214 150
213 149
211 151
211 157
212 158
212 159
213 160
213 161
215 163
215 164
216 165
216 166
217 167
219 167
220 166
221 166
222 165
224 165
225 164
226 164
227 163
229 163
230 162
231 162
232 161
233 161
234 160
236 160
237 159
238 159
239 158
241 158
239 158
238 159
237 159
236 160
234 160
233 161
232 161
231 162
230 162
229 163
227 163
226 164
225 164
224 165
223 165
222 166
221 166
220 167

288 191
288 189
289 188
289 186
290 185
290 183
291 182
292 182
294 184
294 188
293 189
292 189
290 191

288 190
289 191
291 189
292 189
294 187
294 185
291 182
290 183
290 185
289 186
289 188
288 189

220 193
219 192
218 192
216 190
215 190
213 188
212 188
210 186
209 186
208 185
207 185
205 183
205 180
206 179
206 177
207 176
207 173
208 172
208 170
209 169
209 167
210 166
210 164
210 166
209 167
209 169
208 170
208 172
207 173
207 176
206 177
206 179
205 180
205 182
208 185
209 185
210 186
211 186
213 188
214 188
216 190
217 190
219 192
221 192
222 191
222 190
221 189
221 185
220 184
220 182
219 181
219 180
218 179
218 177
217 176
217 175
216 174
216 173
215 172
215 171
213 169
213 168
212 167
212 165
212 166
213 167
213 168
215 170
215 171
216 172
216 174
217 175
217 176
218 177
218 179
219 180
219 181
220 182
220 184
221 185
221 189
222 190
222 192
221 192

226 221
225 220
223 220
222 219
221 219
220 218
219 218
218 217
217 217
216 216
214 216
213 215
212 215
211 214
210 214
209 213
208 213
207 212
205 212
204 211
203 211
202 210
201 210
200 209
198 209
197 208
196 208
195 207
194 207
193 206
191 206
190 205
189 205
188 204
187 204
186 203
184 203
183 202
181 202
180 201
179 201
177 199
176 199
175 198
174 198
171 195
171 183
172 182
172 179
173 178
173 176
174 175
174 174
175 173
175 171
176 170
176 169
177 168
177 167
179 165
179 164
181 162
181 161
183 159
183 158
185 156
185 155
186 154
186 153
188 151
187 150
183 150
182 149
181 149
177 145
177 144
176 143
176 142
175 141
175 140
174 139
174 137
173 136
173 135
172 134
172 131
171 130
170 131
170 133
169 134
169 136
170 137
170 139
165 139
164 140
165 141
170 141
171 142
172 142
172 145
171 145
170 146
171 147
174 147
175 148
174 147
171 147
170 148
171 149
173 149
171 149
170 148
168 148
167 147
165 147
164 146
162 146
161 145
160 145
158 143
157 143
157 140
158 140
159 139
158 138
156 138
155 139
152 139
149 136
149 132
151 130
151 129
155 125
155 124
154 123
148 123
146 125
146 127
147 128
148 128
149 127
150 127
152 125
149 128
147 128
146 127
146 125
147 124
147 123
154 123
156 125
158 123
159 123
160 122
162 122
163 121
175 121
176 120
175 119
173 119
172 118
169 118
168 117
167 117
167 111
170 108
171 108
172 107
173 107
174 106
181 106
181 119
182 120
182 121
179 121
178 120
176 120
175 121
176 122
177 122
178 123
180 123
182 125
183 125
184 126
185 126
186 127
187 127
189 129
190 129
192 131
193 131
196 134
197 134
202 139
202 140
204 142
204 143
205 144
205 146
206 147
206 149
207 150
207 162
206 163
206 166
205 167
205 170
204 171
204 174
203 175
203 177
202 178
202 181
201 182
201 185
200 186
200 188
199 189
199 192
200 193
201 192
201 191
202 190
202 188
203 187
203 186
205 186
207 188
208 188
209 189
210 189
212 191
213 191
214 192
215 192
217 194
218 194
219 195
221 195
223 197
224 197
225 198
226 198
227 199
228 199
233 204
233 206
234 207
234 209
235 210
235 215
234 216
234 218
232 220
230 220
229 221

178 120
179 121
181 121
182 120
181 119
181 107
180 106
174 106
173 107
172 107
171 108
170 108
167 111
167 116
169 118
172 118
173 119
175 119
176 120

160 137
161 138
162 138
163 137
162 136
161 136

158 138
159 139
160 139
161 138
160 137
159 137

225 220
226 221
229 221
230 220
231 220
234 217
234 216
235 215
235 210
234 209
234 207
233 206
233 205
227 199
226 199
224 197
222 197
220 195
219 195
218 194
217 194
216 193
215 193
214 192
213 192
212 191
211 191
209 189
208 189
207 188
206 188
204 186
202 188
202 190
201 191
201 192
200 193
199 193
199 189
200 188
200 186
201 185
201 182
202 181
202 178
203 177
203 175
204 174
204 171
205 170
205 167
206 166
206 163
207 162
207 150
206 149
206 147
205 146
205 145
204 144
204 143
202 141
202 140
196 134
195 134
192 131
191 131
189 129
188 129
186 127
185 127
184 126
183 126
181 124
180 124
179 123
178 123
177 122
176 122
175 121
163 121
162 122
161 122
160 123
159 123
158 124
157 124
151 130
151 131
149 133
149 136
152 139
155 139
156 138
158 138
160 136
161 136
162 135
163 135
162 136
163 137
164 137
165 136
164 137
163 137
161 139
160 139
159 140
158 140
157 141
157 142
159 144
160 144
162 146
164 146
165 147
167 147
168 148
170 148
171 147
170 146
169 146
170 146
171 145
170 144
169 144
170 144
171 145
172 144
172 143
170 141
164 141
164 139
169 139
170 138
170 137
169 136
169 134
170 133
170 131
171 130
171 128
171 130
172 131
172 134
173 135
173 136
174 137
174 138
175 139
175 140
176 141
176 142
177 143
177 144
183 150
188 150
188 152
186 154
186 155
185 156
185 157
183 159
183 160
181 162
181 163
179 165
179 166
177 168
177 169
176 170
176 171
175 172
175 173
174 174
174 175
173 176
173 178
172 179
172 182
171 183
171 195
174 198
175 198
176 199
177 199
179 201
180 201
181 202
183 202
184 203
186 203
187 204
188 204
189 205
190 205
191 206
193 206
194 207
195 207
196 208
197 208
198 209
200 209
201 210
202 210
203 211
204 211
205 212
207 212
208 213
209 213
210 214
211 214
212 215
213 215
214 216
216 216
217 217
218 217
219 218
220 218
221 219
223 219
224 220

169 129
169 128

167 145

241 224
241 222
243 220
243 219
249 213
250 213
251 212
253 212
254 211
259 211
260 212
261 212
262 213
263 213
264 214
265 214
267 216
267 219
268 220
267 221
266 221
265 220
250 220
249 221
248 221
247 222
246 222
244 224
243 224
245 222
247 222
248 221
249 221
250 220
265 220
266 221
267 221
268 220
267 219
267 217
264 214
263 214
261 212
260 212
259 211
254 211
253 212
252 212
251 213
250 213
243 220
243 221
241 223

278 253
277 252
267 252
263 248
262 248
260 246
259 246
256 243
255 243
243 231
243 230
242 229
242 228
244 226
245 226
246 225
247 225
248 224
262 224
263 225
267 225
268 226
269 226
270 227
271 227
272 228
273 228
275 230
276 230
279 233
280 233
283 236
284 236
285 237
287 237
287 242
286 243
286 244
285 245
285 246
284 247
284 248
282 250
282 251
281 252
280 252
279 253

277 252
278 253
279 253
283 249
283 248
284 247
284 246
286 244
286 243
287 242
287 238
286 237
284 237
283 236
282 236
279 233
278 233
275 230
274 230
272 228
271 228
270 227
269 227
267 225
263 225
262 224
248 224
247 225
246 225
242 229
244 231
244 232
255 243
256 243
259 246
260 246
262 248
263 248
265 250
266 250
268 252

209 267
210 267

202 267
203 266
207 266
203 266

215 270
215 269

211 274

192 275
191 274
189 274
188 273
187 273
186 272
186 269
188 269
192 273
195 273
196 272
196 270
198 270
198 271
199 272
200 272
201 271
201 269
201 270
202 271
203 270
203 269
204 268
207 268
205 268
203 270
203 271
205 273
209 273
210 272
211 272
210 272
209 273
204 273
202 271
201 272
198 272
198 271
197 270
196 271
196 273
192 273
191 274
192 275
209 275

189 274
191 274
192 273
191 272
190 272
187 269
186 270
186 271

183 284
176 277
176 276
174 274
180 280
180 281

308 288
308 279

271 305

196 306

196 308

219 310
219 308
220 308
219 309

243 317

218 317
218 314
218 316
219 317
220 316
220 312
220 317

236 318
241 318

254 320
253 319
253 317
252 316
252 311
252 316
253 317
254 316
254 310
253 309
253 307
254 306
254 304
255 303
255 300
255 303
256 304
257 303
257 299
258 298
257 297
258 296
258 294
259 293
259 292
262 292
263 293
264 293
262 293
261 292
260 292
259 293
259 294
258 295
258 296
257 297
258 298
259 298
260 299
260 300
257 303
258 304
259 304
262 301
262 296
263 295
264 295
265 296
266 295
266 294
268 296
269 296
270 297
271 297
272 298
273 298
274 299
275 299
276 300
278 300
279 301
281 301
282 302
294 302
282 302
281 301
279 301
278 300
276 300
275 299
274 299
273 298
272 298
271 297
269 297
267 295
266 295
265 296
268 299
270 299
271 300
272 300
272 303
272 301
271 300
270 300
269 299
268 299
267 300
267 304
266 305
266 307
266 305
267 304
267 300
268 299
267 298
266 298
265 299
265 303
264 304
264 307
263 308
263 310
264 311
265 310
265 309
265 310
264 311
264 312
263 313
263 315
261 317
261 318
260 319
261 318
261 317
263 315
263 313
262 312
261 313
261 314
259 316
259 317
258 318
255 318
255 317
254 316
253 317
253 319
254 320
258 320

257 301
258 302
260 300
260 299
259 298
258 298
257 299

254 306
255 307
256 306
256 304
255 303
254 304

253 309
254 310
255 309
255 307
254 306
253 307

262 312
263 313
264 312
264 311
263 310
262 311

256 318
257 318
260 315
260 314
261 313
261 312
262 311
262 310
263 309
263 308
264 307
264 304
265 303
265 299
266 298
266 297
265 296
263 296
262 297
262 301
261 302
261 303
260 303
259 304
257 304
256 305
256 306
255 307
255 310
254 311
254 316

190 322
190 318
191 317
191 316
193 316
193 318
192 319
192 322
192 319
191 318
190 319

191 318
192 319
193 318
193 317
192 316
191 317

238 332
237 331
236 331
235 330
234 330
233 329
232 329
230 327
229 327
224 322
224 320
223 319
223 316
222 315
222 310
223 309
223 307
224 306
224 304
226 302
227 302
227 304
226 305
226 310
228 312
228 313
236 321
237 321
238 322
239 322
241 324
241 325
242 326
242 331
241 332

225 303
226 304
227 303
226 302

238 331
239 332
240 332
242 330
242 326
238 322
237 322
236 321
235 321
228 314
228 313
226 311
226 304
225 303
224 304
224 306
223 307
223 309
222 310
222 315
223 316
223 319
224 320
224 321
230 327
231 327
233 329
234 329
235 330
236 330
237 331

190 334

182 335
182 331
183 330
183 329
187 325
191 325
191 327
189 327
188 328
187 328
186 329
186 330
184 332
184 335
184 332
185 331
185 330
187 328
188 328
189 327
190 327
191 326
190 325
187 325
183 329
183 330
182 331

186 336
187 335
188 335
187 335

242 337
249 337
252 334
252 331
257 326
258 326
259 325
262 325
267 320
267 315
268 314
268 313
269 312
269 311
277 303
276 302
275 302
274 303
275 302
276 302
277 303
271 309
271 310
268 313
268 314
267 315
267 320
266 321
266 322
263 325
259 325
252 332
252 335
251 335
249 337

235 338
240 338

271 346
270 345
267 345
266 344
265 344
264 343
263 343
262 342
261 342
257 338
260 341
261 341
263 343
264 343
265 344
266 344
267 345
270 345
271 344
270 343
268 343
267 342
266 342
265 341
264 341
262 339
261 339
258 336
257 336
258 336
261 339
262 339
264 341
265 341
266 342
267 342
268 343
270 343
271 344
277 344
277 345
278 346

270 345
271 346
276 346
277 345
276 344
271 344

175 356

269 357
268 356
267 356
266 355
265 355
260 350
260 349
258 347
258 346
257 345
257 344
256 343
256 341
255 340
255 335
256 334
257 334
258 333
262 333
263 332
265 332
268 329
268 328
269 327
269 316
270 315
270 314
273 311
273 310
278 305
279 305
280 304
295 304
296 303
298 303
299 302
298 301
296 301
298 301
305 294
303 296
303 297
302 298
301 298
298 301
299 302
300 302
302 300
303 300
305 298
305 297
307 295
307 294
308 293
308 292
307 291
306 292
307 291
307 290
307 291
308 292
309 291
309 290
310 289
310 278
309 277
309 275
308 274
307 275
307 277
307 275
305 273
305 272
304 271
304 270
296 262
295 262
293 260
291 260
289 258
287 258
286 257
285 257
284 256
282 256
281 255
277 255
276 254
268 254
267 255
265 255
264 256
263 256
261 258
260 258
253 265
253 266
252 267
252 268
250 270
250 274
251 275
251 276
252 277
252 283
251 284
251 286
252 287
252 297
252 287
251 286
251 284
250 283
249 284
249 285
248 285
247 286
248 287
249 287
250 288
250 297
249 298
249 300
248 301
248 303
249 304
250 303
250 302
251 301
251 299
251 301
250 302
250 304
249 305
249 306
248 307
248 308
247 309
247 310
246 311
246 312
245 313
245 314
244 315
245 314
245 313
246 312
246 311
247 310
247 309
248 308
248 307
249 306
249 304
248 303
247 304
247 305
246 306
246 307
245 308
245 309
244 310
244 311
243 312
243 313
242 314
242 315
241 316
236 316
235 315
235 314
234 313
233 314
233 315
233 314
232 313
232 311
232 313
233 314
234 313
234 303
235 302
235 300
234 299
233 300
233 301
232 302
232 306
232 302
233 301
233 300
234 299
234 297
235 297
236 296
236 294
237 293
237 292
238 291
238 290
239 289
239 288
240 288
241 287
245 287
247 285
248 285
249 284
249 283
250 282
250 278
249 277
249 276
247 274
246 274
245 273
244 273
243 272
244 272
245 271
244 270
243 270
242 269
235 269
234 270
235 271
241 271
235 271
233 273
235 275
235 277
232 277
231 276
230 276
229 275
229 273
228 272
228 270
227 269
227 267
229 267
229 269
231 271
232 271
234 269
242 269
243 270
244 270
245 271
246 271
247 272
248 271
248 270
249 269
249 266
252 263
252 262
256 258
257 258
260 255
261 255
264 252
263 251
262 251
260 249
259 249
256 246
255 246
252 243
251 243
243 235
243 234
240 231
240 230
239 229
239 225
238 224
237 225
237 230
237 225
238 224
238 223
238 224
239 225
239 228
240 229
240 230
241 231
241 232
254 245
255 245
258 248
259 248
261 250
262 250
264 252
264 253
263 254
262 254
260 256
261 257
262 257
263 256
264 256
265 255
267 255
268 254
276 254
277 255
281 255
282 256
284 256
285 257
286 257
287 258
289 258
290 259
291 259
292 260
293 260
294 261
295 261
297 263
298 263
303 268
303 269
304 270
304 271
305 272
305 273
307 275
308 274
308 272
306 270
306 269
305 268
305 264
306 263
306 260
305 259
304 260
304 262
303 263
302 263
301 262
300 262
299 261
298 261
296 259
295 259
294 258
293 258
292 257
291 257
290 256
289 256
288 255
287 255
286 254
284 254
284 251
286 249
286 248
288 246
288 245
289 244
289 242
290 241
290 239
291 239
292 240
293 239
293 237
293 240
292 240
291 239
290 240
290 241
289 242
289 244
288 245
288 247
286 249
286 250
284 252
284 253
285 254
286 254
287 255
289 255
290 256
291 256
293 258
295 258
297 260
298 260
299 261
300 261
301 262
302 262
303 263
304 262
304 260
305 259
305 254
304 253
304 250
303 249
303 247
301 245
301 244
295 238
296 238
301 243
301 244
302 245
302 246
303 247
303 249
304 250
304 253
305 254
305 259
306 260
307 259
307 256
308 255
308 250
307 249
307 248
306 247
306 246
305 245
305 244
297 236
296 236
295 235
292 235
291 234
290 234
289 233
288 233
287 232
285 232
284 231
283 231
282 230
280 230
278 228
277 228
276 227
276 225
277 225
278 224
280 224
281 223
282 223
284 221
285 221
286 220
287 220
288 219
290 219
291 218
292 218
293 217
294 217
295 216
296 216
297 215
299 215
301 213
303 213
304 212
306 212
307 211
308 211
309 210
310 210
311 209
312 209
313 208
315 208
317 206
318 206
319 205
320 205
322 203
323 203
325 201
326 201
334 193
334 192
333 191
328 196
327 196
325 198
324 198
322 200
321 200
320 201
319 201
317 203
316 203
315 204
314 204
313 205
312 205
311 206
310 206
309 207
308 207
307 208
306 208
305 209
304 209
303 210
301 210
299 212
297 212
296 213
295 213
294 214
293 214
292 215
291 215
290 216
289 216
288 217
287 217
286 218
285 218
284 219
283 219
282 220
281 220
280 221
279 221
278 222
277 222
276 223
275 223
274 222
274 221
276 219
276 218
277 217
277 216
278 215
278 214
280 212
280 210
281 209
281 208
282 207
282 206
283 205
283 203
284 202
284 201
285 200
285 199
287 197
287 196
290 193
291 193
293 191
294 191
296 189
299 189
300 190
300 191
307 198
308 198
306 198
305 197
305 196
298 189
296 189
292 193
291 193
287 197
287 198
285 200
285 201
283 203
283 205
282 206
282 207
281 208
281 209
280 210
280 212
279 213
279 214
278 215
278 216
277 217
277 218
276 219
276 220
274 222
275 223
276 223
278 221
279 221
280 220
281 220
282 219
283 219
284 218
285 218
286 217
288 217
290 215
291 215
292 214
293 214
294 213
296 213
297 212
298 212
299 211
300 211
301 210
302 210
303 209
305 209
307 207
308 207
309 206
310 206
311 205
312 205
313 204
314 204
315 203
316 203
318 201
319 201
320 200
321 200
323 198
324 198
326 196
327 196
331 192
332 192
333 191
333 187
332 186
332 184
330 182
330 181
324 175
323 175
321 173
320 173
318 171
317 171
316 170
314 172
311 172
312 171
311 170
312 170
313 169
313 168
316 165
316 164
317 163
317 161
318 160
318 158
319 157
319 152
320 151
320 149
319 148
318 148
317 147
315 147
314 146
312 146
311 147
311 148
310 149
310 151
309 152
309 154
308 155
308 159
305 162
300 162
297 165
297 166
296 167
296 169
295 170
295 171
294 172
294 173
293 174
293 176
294 177
294 178
296 180
296 181
298 183
298 184
300 186
300 187
307 194
307 195
308 196
302 190
302 189
298 185
298 184
296 182
296 181
294 179
294 178
293 177
293 174
294 173
294 172
295 171
295 170
296 169
296 167
297 166
297 165
298 164
298 163
299 162
304 162
308 158
308 155
309 154
309 152
310 151
310 149
311 148
311 146
310 145
309 146
307 144
304 144
303 143
303 140
303 142
305 144
307 144
308 145
310 145
311 146
314 146
315 147
317 147
318 148
319 148
320 149
320 151
319 152
319 157
318 158
318 160
317 161
317 163
316 164
316 165
315 166
315 167
312 170
312 171
313 172
315 170
316 170
317 171
318 171
319 172
320 172
321 173
322 173
324 175
325 175
330 180
330 181
332 183
332 186
333 187
333 191
334 192
335 191
335 189
336 188
336 186
335 185
335 183
334 182
334 181
331 178
331 177
330 176
329 176
325 172
324 172
323 171
322 171
320 169
318 169
318 167
319 166
319 165
320 164
320 162
321 161
321 158
322 157
322 151
323 150
326 150
326 153
327 154
327 155
329 157
329 158
333 162
334 162
335 163
337 163
338 162
337 161
336 161
335 160
334 160
331 157
331 156
329 154
329 148
330 147
330 146
331 145
331 143
333 141
335 141
336 140
337 140
338 139
343 139
344 138
343 137
338 137
338 133
334 129
333 129
332 128
331 128
330 127
328 127
327 128
324 128
323 129
324 130
326 130
324 130
323 131
321 131
320 132
320 133
322 135
324 135
325 136
326 136
328 138
331 138
332 139
333 138
334 138
336 136
336 134
333 131
332 131
331 130
330 130
329 129
330 130
331 130
332 131
333 131
336 134
336 137
335 138
333 138
332 139
331 138
328 138
327 137
326 137
325 136
324 136
323 135
322 135
321 134
320 134
319 133
319 132
320 131
320 130
321 129
321 127
323 125
323 124
326 121
326 120
328 118
328 117
327 116
326 116
325 115
324 115
323 114
322 114
321 113
320 113
319 112
318 112

317 111
316 111
314 109
310 109
309 108
301 108
300 107
298 107
293 112
296 115
298 115
299 116
300 116
301 117
303 117
304 118
306 118
307 117
307 116
308 115
307 114
305 114
302 111
301 111
300 110
299 110
300 110
301 111
303 111
306 114
308 114
309 113
308 112
307 112
306 111
307 112
308 112
309 113
312 113
313 112
312 111
310 111
312 111
313 112
314 112
313 112
312 113
313 114
315 114
316 113
316 114
313 114
312 113
309 113
308 114
308 115
309 116
310 116
311 115
312 116
319 116
320 117
323 117
324 118
325 118
324 118
323 117
320 117
319 116
312 116
311 115
309 117
309 118
308 119
308 125
307 126
307 127
306 128
305 128
300 133
300 139
301 140
301 146
300 147
300 158
302 160
303 159
304 159
305 158
305 157
306 156
306 154
307 153
307 151
307 153
306 154
306 157
304 159
303 159
302 160
301 159
300 159
300 147
301 146
301 140
300 139
300 132
301 132
308 125
308 118
307 117
306 118
304 118
303 117
301 117
300 116
299 116
298 115
296 115
295 114
294 114
294 113
293 112
291 112
290 111
289 111
287 109
286 109
281 104
281 103
279 101
279 100
277 98
277 97
269 89
269 88
252 71
252 70
242 60
243 60
252 69
252 70
269 87
269 88
277 96
277 97
279 99
279 100
281 102
281 103
287 109
288 109
290 111
291 111
292 112
297 107
300 107
301 108
309 108
310 109
315 109
317 111
318 111
319 112
320 112
321 113
322 113
323 114
324 114
325 115
326 115
327 116
328 116
328 119
326 121
326 122
323 125
323 126
321 128
322 129
323 129
324 128
327 128
328 127
330 127
331 128
333 128
334 129
335 129
338 132
338 136
339 137
343 137
344 138
347 138
349 140
350 140
355 145
355 153
354 154
354 155
353 156
353 157
347 163
345 163
344 164
338 164
337 163
335 163
334 162
333 162
331 160
330 160
330 159
327 156
327 154
326 153
326 151
325 150
323 150
322 151
322 157
321 158
321 161
320 162
320 164
319 165
319 166
318 167
318 168
319 169
320 169
321 170
322 170
323 171
324 171
325 172
326 172
330 176
331 176
331 177
334 180
334 181
335 182
335 185
336 186
336 188
335 189
335 192
333 194
333 195
327 201
326 201
324 203
323 203
321 205
320 205
319 206
318 206
317 207
316 207
315 208
313 208
312 209
311 209
310 210
309 210
308 211
307 211
306 212
304 212
303 213
302 213
301 214
300 214
299 215
297 215
295 217
293 217
292 218
291 218
290 219
289 219
288 220
287 220
286 221
285 221
283 223
282 223
281 224
278 224
276 226
278 228
279 228
281 230
282 230
283 231
284 231
285 232
287 232
288 233
289 233
290 234
292 234
293 235
295 235
296 236
297 236
298 237
299 237
305 243
305 244
306 245
306 246
307 247
307 249
308 250
308 255
307 256
307 259
306 260
306 263
305 264
305 267
306 268
306 269
307 270
307 271
308 272
308 274
309 275
309 277
310 278
310 289
309 290
309 292
308 293
308 294
307 295
307 296
302 301
301 301
300 302
299 302
298 303
296 303
295 304
280 304
271 313
271 314
269 316
269 327
268 328
268 330
266 332
263 332
262 333
258 333
257 334
256 334
255 335
255 340
256 341
256 343
258 345
258 346
259 347
259 348
267 356
268 356
269 357
272 357

307 117
308 118
309 117
309 116
308 115
307 116

320 130
321 131
323 131
324 130
323 129
321 129

337 161
338 162
339 162
340 161
339 160
339 158
338 157
338 149
339 148
339 147
340 146
340 145
341 144
342 144
343 143
344 143
346 141
345 140
344 140
343 139
338 139
337 140
336 140
335 141
334 141
331 144
331 145
330 146
330 147
329 148
329 154
331 156
331 157
334 160
335 160
336 161

337 163
338 164
343 164
344 163
346 163
354 155
354 154
355 153
355 146
348 139
347 139
346 138
344 138
343 139
344 140
345 140
346 141
347 141
346 141
344 143
343 143
339 147
339 148
338 149
338 157
339 158
340 157
340 150
341 149
341 148
344 145
345 145
346 144
350 144
352 146
352 147
353 148
353 152
352 153
352 154
350 156
352 154
352 153
353 152
353 148
352 147
352 146
350 144
346 144
345 145
344 145
341 148
341 149
340 150
340 157
343 160
343 161
342 160
342 159
340 157
339 158
339 159
340 160
340 161
339 162
338 162

253 262
254 263
255 263
261 257
260 256
259 256

249 269
250 270
251 269
251 268
253 266
253 265
254 264
254 263
253 262
251 264
251 265
249 267

227 269
228 270
229 269
229 268
228 267
227 268

232 271
233 272
234 272
235 271
234 270
233 270

246 274
247 274
248 273
246 271
245 271
244 272

250 277
251 276
251 275
250 274
250 270
249 269
248 270
248 275

232 276
233 277
234 277
235 276
233 274
232 274
233 273
233 272
232 271
230 271
230 270
229 269
228 270
228 272
229 273
229 274
231 276

250 283
251 284
252 283
252 277
251 276
250 277

237 316
240 316
242 314
242 313
243 312
243 311
245 309
245 308
246 307
246 306
247 305
247 304
248 303
248 301
249 300
249 298
250 297
250 288
249 287
248 287
247 288
247 290
246 291
246 293
245 294
245 297
244 298
244 300
243 301
237 301
243 301
244 300
244 298
243 297
242 298
242 299
241 299
243 297
243 296
241 294
238 297
238 298
239 299
238 299
238 296
239 295
240 295
241 294
242 295
243 295
243 297
244 298
245 297
245 294
246 293
246 291
247 290
247 287
246 286
245 287
242 287
241 288
240 288
239 289
239 290
237 292
237 293
236 294
236 296
234 298
234 299
235 300
236 299
235 300
235 303
234 304
234 312
235 313
235 314

179 357
178 356
178 354
177 353
177 346
178 345
178 343
184 337
179 342
179 343
178 344
178 345
177 346
177 353
178 354
179 353
179 347
180 346
180 345
181 344
181 343
184 340
185 340
188 337
189 337
190 336
189 337
188 337
185 340
184 340
181 343
181 344
180 345
180 346
179 347
179 353
180 354
180 355
180 354
179 353
178 354
178 356

168 360
166 358
166 357
166 358
168 360
169 360
173 356
171 358
171 359
170 359
169 360

165 392
165 391
163 389
163 388
161 386
161 381
162 380
162 378
163 377
163 375
164 374
164 372
165 371
165 370
166 369
166 368
168 366
168 365
170 363
170 362
171 361
172 361
175 358
170 363
170 364
168 366
168 367
166 369
166 370
165 371
165 372
164 373
164 374
163 375
163 377
162 378
162 380
161 381
161 385
162 386
162 387
164 389
164 390
166 392
167 392
168 391
168 390
169 389
169 388
170 387
170 386
170 387
169 388
169 389
168 390
168 391
167 392

234 449
234 439
235 438
235 433
236 432
236 428
237 427
237 424
238 423
238 420
239 419
239 416
240 415
240 413
241 412
241 410
242 409
242 407
243 406
243 405
244 404
244 402
245 401
245 399
246 398
246 396
247 395
247 393
248 392
248 390
249 389
249 387
250 386
250 384
251 383
251 380
252 379
252 376
253 375
253 372
254 371
254 366
255 365
255 359
254 358
254 353
253 352
253 348
252 347
252 342
251 341
251 338
251 341
252 342
253 341
253 337
253 341
254 342
254 344
255 345
255 346
256 347
256 348
258 350
258 351
264 357
265 357
266 358
267 358
268 359
276 359
277 358
276 357
275 357
276 357
277 358
277 359
268 359
267 358
266 358
265 357
264 357
263 356
262 356
258 352
258 351
256 349
256 348
255 347
255 345
254 344
254 342
253 341
252 342
252 347
253 348
253 352
254 353
254 358
255 359
255 365
254 366
254 371
253 372
253 375
252 376
252 379
251 380
251 383
250 384
250 386
249 387
249 389
248 390
248 392
247 393
247 395
246 396
246 398
245 399
245 401
244 402
244 404
243 405
243 406
242 407
242 409
241 410
241 412
240 413
240 415
239 416
239 419
238 420
238 423
237 424
237 427
236 428
236 432
235 433
235 438
234 439

175 449
175 446
176 445
176 439
177 438
177 432
178 431
178 425
179 424
179 420
180 419
180 415
181 414
181 410
182 409
182 406
183 405
183 402
184 401
184 398
185 397
185 395
186 394
186 392
187 391
187 389
188 388
188 386
189 385
189 383
190 382
190 381
191 380
191 379
192 378
192 376
193 375
193 374
195 372
195 371
197 369
197 368
198 367
198 366
199 365
199 364
201 362
201 361
202 360
202 359
203 358
203 357
204 356
204 355
205 354
205 352
206 351
206 348
208 346
208 338
209 337
209 333
211 333
212 334
213 334
215 336
216 336
218 338
218 339
219 340
219 345
218 346
216 346
215 347
212 347
211 348
212 349
217 349
218 348
219 348
222 345
222 341
221 340
221 338
225 338
226 337
225 336
222 336
221 335
219 335
218 334
217 334
216 333
215 333
214 332
213 332
212 331
211 331
209 329
209 326
213 322
213 321
214 320
214 319
215 318
215 315
215 318
214 319
214 321
211 324
211 325
209 327
209 328
212 331
213 331
214 332
215 332
217 334
218 334
219 335
221 335
222 336
225 336
226 337
228 337
229 338
232 338
234 340
241 340
242 339
248 339
249 340
249 343
250 344
250 348
251 349
251 362
250 363
250 368
249 369
249 373
248 374
248 378
247 379
247 382
246 383
246 386
245 387
245 389
244 390
244 393
243 394
243 396
242 397
242 399
241 400
241 402
240 403
240 405
239 406
239 409
238 410
238 412
237 413
237 416
236 417
236 420
235 421
235 425
234 426
234 429
233 430
233 436
232 437
232 446
231 447
231 449
228 449
225 446
225 445
224 444
224 443
223 442
223 439
222 438
222 429
223 428
223 424
224 423
224 420
225 419
225 417
226 416
226 415
227 414
227 412
228 411
228 410
229 409
229 408
230 407
230 405
232 403
232 400
233 399
233 397
232 396
231 397
231 398
230 397
229 397
229 394
228 393
228 386
229 385
229 382
230 381
230 379
231 378
231 376
232 375
232 374
234 372
234 371
237 368
238 368
239 367
237 365
237 356
238 355
238 352
239 351
239 350
236 347
235 347
234 348
236 350
236 351
235 352
235 355
234 356
234 365
235 366
234 367
234 368
232 370
232 371
230 373
229 373
228 372
228 370
227 369
227 364
228 363
228 360
229 359
229 357
230 356
230 355
232 353
232 352
233 351
233 352
232 353
232 354
230 356
230 357
229 358
229 359
228 360
228 363
227 364
227 369
228 370
228 372
229 373
230 373
231 372
231 371
234 368
234 367
235 366
234 365
234 356
235 355
235 352
236 351
236 350
234 348
233 349
232 349
232 345
233 344
233 343
234 342
234 340
232 338
229 338
228 339
229 340
231 340
231 342
230 343
230 344
229 345
229 353
228 354
228 355
227 356
227 357
226 358
226 359
225 360
225 364
224 365
224 371
225 372
225 373
227 375
227 376
228 377
228 378
227 379
227 381
226 382
226 385
225 386
225 394
226 395
226 397
227 398
227 399
229 401
229 403
228 404
228 405
227 406
227 407
225 409
225 411
224 412
224 413
223 414
223 416
222 417
222 419
221 420
221 424
220 425
220 432
219 433
219 435
220 436
220 442
221 443
221 444
223 446
223 447
225 449
224 449
223 448
223 447
221 445
221 443
220 442
220 436
219 435
219 433
220 432
220 425
221 424
221 420
222 419
222 417
223 416
223 414
224 413
224 412
225 411
225 409
226 408
226 407
227 406
227 405
228 404
228 403
229 402
227 400
227 399
226 398
226 395
225 394
225 386
226 385
226 382
227 381
227 379
228 378
228 377
225 374
225 372
224 371
224 365
225 364
225 360
226 359
226 357
227 356
227 355
228 354
228 353
229 352
229 345
230 344
230 342
231 341
230 340
229 340
228 339
226 339
225 338
222 338
221 339
221 340
222 341
222 346
220 348
218 348
217 349
211 349
210 348
209 348
208 347
206 349
206 351
205 352
205 354
204 355
204 356
203 357
203 359
202 360
202 361
201 362
201 363
199 365
199 366
198 367
198 368
197 369
197 370
195 372
195 373
193 375
193 376
192 377
192 378
191 379
191 380
190 381
190 382
189 383
189 385
188 386
188 388
187 389
187 391
186 392
186 394
185 395
185 397
184 398
184 401
183 402
183 405
182 406
182 409
181 410
181 414

180 415
180 419
179 420
179 424
178 425
178 431
177 432
177 438
176 439
176 445
175 446

225 338
226 339
228 339
229 338
228 337
226 337

235 346
236 347
237 346
237 345
236 344
235 345

208 347
209 348
211 348
212 347
215 347
216 346
217 346
219 344
219 340
215 336
214 336
212 334
211 334
210 333
209 334
209 337
208 338

229 449
230 449
231 448
231 447
232 446
232 437
233 436
233 430
234 429
234 426
235 425
235 421
236 420
236 417
237 416
237 413
238 412
238 410
239 409
239 406
240 405
240 403
241 402
241 400
242 399
242 397
243 396
243 394
244 393
244 390
245 389
245 387
246 386
246 383
247 382
247 379
248 378
248 374
249 373
249 369
250 368
250 363
251 362
251 349
250 348
250 344
249 343
249 341
247 339
242 339
241 340
235 340
234 341
234 342
233 343
233 344
232 345
232 348
233 349
235 347
235 344
236 344
237 343
237 347
239 349
239 351
238 352
238 355
237 356
237 364
239 366
239 368
237 368
235 370
235 371
233 373
233 374
231 376
231 378
230 379
230 381
229 382
229 385
228 386
228 393
229 394
229 396
230 397
231 397
232 396
233 397
233 399
232 400
232 403
231 404
231 405
230 406
230 408
228 410
228 411
227 412
227 414
226 415
226 416
225 417
225 419
224 420
224 423
223 424
223 428
222 429
222 438
223 439
223 442
225 444
225 445

172 449
172 441
173 440
173 430
174 429
174 423
175 422
175 418
176 417
176 414
177 413
177 410
178 409
178 406
179 405
179 403
180 402
180 399
181 398
181 396
182 395
182 394
183 393
183 391
184 390
184 388
185 387
185 386
186 385
186 384
187 383
187 381
188 380
188 379
189 378
189 376
190 375
190 374
191 373
191 372
192 371
192 370
193 369
193 368
195 366
195 365
196 364
196 363
197 362
197 361
199 359
199 358
200 357
200 355
201 354
201 352
202 351
202 349
203 348
203 345
204 344
204 342
205 341
205 339
206 338
206 323
205 322
205 320
204 319
204 316
203 315
203 313
199 309
198 309
198 306
199 305
199 304
200 303
200 300
201 299
201 297
202 296
201 295
198 295
197 296
193 296
192 295
189 295
188 294
186 294
185 293
179 293
180 292
179 291
184 291
181 291
180 292
181 293
185 293
186 292
187 292
189 290
188 289
186 289
184 287
183 287
180 284
179 284
174 279
174 278
172 276
172 274
171 273
171 272
170 271
170 269
169 268
169 262
169 268
170 269
170 271
171 272
171 273
172 274
172 275
174 277
174 278
182 286
183 286
185 288
186 288
187 287
186 286
187 287
188 287
189 286
187 284
186 284
184 282
184 281
183 280
183 279
182 278
182 276
179 273
176 273
174 271
173 272
174 271
176 273
178 273
179 272
179 267
178 266
178 264
177 263
177 258
178 257
178 256
179 255
179 253
180 252
180 253
181 254
182 253
182 252
182 253
181 254
181 255
182 256
183 256
185 254
186 254
190 250
191 250
194 247
195 247
196 246
197 246
198 245
200 245
201 244
200 243
197 243
196 244
195 244
194 245
193 245
190 248
189 248
188 249
187 248
186 249
186 250
185 251
186 250
186 249
187 248
187 247
188 246
188 245
189 245
190 244
190 243
189 242
188 243
187 243
186 244
186 245
182 249
180 249
176 253
176 254
174 256
174 265
175 266
175 267
175 266
174 265
173 266
173 267
172 266
172 264
171 263
171 262
171 263
172 264
172 265
173 266
174 265
174 256
175 255
175 254
176 253
176 252
179 249
181 249
188 242
190 242
190 244
187 247
187 248
188 249
191 246
192 246
194 244
196 244
197 243
200 243
201 242
207 242
208 243
210 243
211 244
214 244
216 246
218 246
219 247
221 247
222 246
223 246
224 245
224 238
225 237
225 232
226 231
226 230
228 228
228 227
229 226
229 225
228 224
226 224
225 223
224 223
223 222
221 222
220 221
219 221
218 220
217 220
216 219
214 219
213 218
212 218
211 217
210 217
209 216
207 216
206 215
204 215
203 214
202 214
201 213
199 213
198 212
196 212
195 211

194 211
193 210
192 210
191 209
189 209
188 208
187 208
186 207
185 207
184 206
183 206
182 205
181 205
180 204
179 204
177 202
176 202
175 201
174 201
172 199
171 199
168 196
168 179
169 178
169 175
164 170
164 169
163 168
163 161
166 158
166 157
167 156
168 156
169 155
171 155
172 154
173 154
174 153
174 152
173 151
167 151
166 150
164 150
163 149
162 149
161 148
160 148
159 147
158 147
155 144
154 144
151 141
150 141
147 138
147 137
146 136
146 134
147 133
147 132
143 128
143 124
144 123
144 122
145 121
150 121
151 120
160 120
161 119
163 119
165 117
165 110
166 109
166 108
167 107
168 107
171 104
179 104
180 103
182 103
183 102
183 100
181 98
181 97
180 96
180 94
179 93
179 92
178 91
178 89
177 88
177 87
176 86
176 84
175 83
175 81
174 80
174 77
173 76
173 73
172 72
172 68
171 67
171 66
169 64
166 64
165 63
159 63
158 62
154 62
153 61
151 61
150 60
148 60
147 59
146 59
145 58
144 58
138 52
138 51
137 50
134 50
133 49
130 49
129 48
126 48
125 47
123 47
122 46
120 46
119 45
117 45
116 44
114 44
113 43
111 43
110 42
109 42
108 41
106 41
105 40
104 40
103 39
102 39
101 38
100 38
97 35
96 35
95 34
95 33
92 30
92 29
91 28
91 26
90 25
90 19
92 17
92 16
96 12
97 12
98 11
99 11
100 10
101 10
108 3
109 3
110 2
111 2
110 3
109 3
102 10
101 10
100 11
99 11
98 12
97 12
92 17
92 18
90 20
90 25
91 26
91 27
92 28
92 29
95 32
95 33
97 35
98 35
101 38
102 38
103 39
104 39
106 41
108 41
109 42
110 42
111 43
113 43
114 44
116 44
117 45
119 45
120 46
122 46
123 47
125 47
126 48
129 48
130 49
133 49
134 50
138 50
138 51
145 58
146 58
148 60
150 60
151 61
153 61
154 62
158 62
159 63
165 63
166 64
169 64
170 63
169 62
167 62
169 62
170 61
170 55
171 54
171 53
172 53
176 49
177 49
178 48
179 48
180 47
182 47
183 46
185 46
186 45
192 45
193 46
194 46
195 47
194 46
193 46
192 45
186 45
185 46
183 46
182 47
181 47
180 48
179 48
178 49
177 49
173 53
172 53
171 54
171 55
172 56
172 58
173 59
173 62
174 63
174 66
175 67
175 69
176 70
176 73
177 74
177 76
178 77
178 79
179 80
179 82
180 83
180 85
181 86
181 88
182 89
182 91
183 92
183 94
184 95
184 97
185 98
185 99
185 98
184 97
184 95
183 94
183 92
182 91
182 89
181 88
181 86
180 85
180 83
179 82
179 80
178 79
178 77
177 76
177 74
176 73
176 70
175 69
175 67
174 66
174 63
173 62
173 59
172 58
172 56
171 55
170 56
170 64
171 65
171 67
172 68
172 72
173 73
173 76
174 77
174 80
175 81
175 83
176 84
176 86
177 87
177 88
178 89
178 91
179 92
179 93
180 94
180 95
181 96
181 97
183 99
183 100
184 101
184 102
183 103
180 103
179 104
172 104
170 106
169 106
165 110
165 118
164 118
163 119
161 119
160 120
151 120
150 121
146 121
143 124
143 127
146 130
146 131
147 132
147 133
146 134
146 136
151 141
152 141
156 145
157 145
159 147
160 147
161 148
162 148
164 150
166 150
167 151
174 151
174 154
172 154
171 155
172 156
175 156
177 154
177 151
180 151
181 152
182 152
182 155
180 157
180 158
179 159
179 160
178 161
177 161
176 162
176 164
174 166
174 167
173 168
173 169
172 170
172 171
171 172
170 172
167 169
167 168
166 167
166 162
167 161
167 160
169 158
170 158
172 156
171 155
170 155
169 156
168 156
165 159
165 160
163 162
163 167
164 168
164 169
169 174
169 178
168 179
168 195
173 200
174 200
175 201
176 201
178 203
179 203
180 204
181 204
182 205
183 205
184 206
185 206
187 208
189 208
190 209
191 209
192 210
193 210
194 211
195 211
196 212
198 212
199 213
201 213
202 214
203 214
204 215
206 215
207 216
209 216
210 217
211 217
212 218
213 218
214 219
216 219
217 220
218 220
219 221
220 221
221 222
223 222
224 223
225 223
226 224
228 224
229 225
230 225
231 226
232 225
232 224
233 223
234 224
235 223
235 230
235 225
234 224
233 224
232 225
232 226
231 227
231 228
228 231
228 232
227 233
227 237
226 238
226 244
227 245
227 248
228 249
228 251
229 252
229 253
230 254
230 255
231 256
231 257
233 259
233 260
239 266
239 267
235 263
235 262
232 259
232 258
231 257
231 256
230 255
230 254
229 253
229 252
228 251
228 249
227 248
227 245
226 244
226 238
225 237
224 238
224 246
222 246
221 247
219 247
218 246
216 246
215 245
214 245
213 246
215 248
217 248
217 251
216 252
216 255
215 255
214 256
212 254
210 254
209 253
197 253
196 254
195 254
193 256
192 256
189 259
188 259
185 262
185 263
182 266
182 268
183 269
184 268
184 267
187 264
187 263
189 261
190 261
193 258
195 258
196 257
198 257
199 256
209 256
210 257
212 257
214 259
215 259
217 261
218 260
218 257
219 256
219 254
220 253
220 252
221 251
221 250
223 248
225 248
225 249
226 250
226 252
227 253
227 254
228 255
228 256
229 257
229 258
230 259
230 260
233 263
233 264
236 267
233 264
233 263
230 260
230 259
229 258
229 257
228 256
228 255
227 254
227 253
226 252
226 251
225 250
225 249
224 248
221 251
221 252
219 254
219 256
218 257
218 260
219 261
219 263
220 264
220 265
220 264
219 263
219 261
218 260
217 261
217 264
218 265
217 264
217 262
214 259
213 259
211 257
210 257
209 256
199 256
198 257
196 257
195 258
194 258
192 260
191 260
184 267
184 268
183 269
183 273
184 274
184 277
186 279
186 280
189 283
190 283
192 285
193 285
194 286
195 286
196 287
201 287
203 285
204 285
206 283
207 283
208 282
209 282
213 278
213 277
215 275
215 273
217 271
217 269
217 270
221 274
222 274
224 276
224 280
223 281
223 288
222 289
222 293
221 294
221 297
220 298
220 299
219 300
219 302
215 306
215 308
216 309
216 310
217 311
216 312
215 312
214 313
213 312
212 313
212 314
213 315
212 316
212 319
211 320
211 321
209 323
208 322
208 320
207 319
207 317
206 316
206 315
205 314
205 313
204 312
203 313
203 315
204 316
204 319
205 320
205 322
206 323
206 338
205 339
205 341
204 342
204 344
203 345
203 348
202 349
202 351
201 352
201 354
200 355
200 358
199 359
199 360
197 362
197 363
196 364
196 365
195 366
195 367
193 369
193 370
192 371
192 372
191 373
191 374
190 375
190 376
189 377
189 378
188 379
188 380
187 381
187 383
186 384
186 385
185 386
185 387
184 388
184 390
183 391
183 393
182 394
182 395
181 396
181 398
180 399
180 402
179 403
179 405
178 406
178 409
177 410
177 413
176 414
176 417
175 418
175 422
174 423
174 429
173 430
173 440
172 441

169 171
170 172
172 170
172 169
173 168
173 167
174 166
174 165
176 163
176 161
177 161
180 158
180 156
182 154
182 153
180 151
178 151
177 152
177 154
176 155
176 156
172 156
170 158
169 158
168 159
168 160
166 162
166 166
167 167
167 168
169 170

227 230
228 231
231 228
231 226
230 225
229 226
229 227
227 229

226 232
227 233
228 232
228 231
227 230
226 231

225 237
226 238
227 237
227 233
226 232
225 233

210 245
211 246
213 246
214 245
213 244
211 244

179 273
180 274
181 273
181 268
182 267
182 266
183 265
183 264
191 256
192 256
194 254
196 254
197 253
209 253
210 254
212 254
213 255
215 255
216 254
216 252
217 251
217 249
216 248
215 248
213 246
211 246
210 245
208 245
210 245
211 244
210 243
208 243
207 242
201 242
200 243
201 244
206 244
201 244
200 245
198 245
197 246
196 246
194 248
193 248
187 254
186 254
183 257
181 255
181 254
180 253
179 254
179 255
178 256
178 257
177 258
177 263
178 264
178 266
179 267

209 299
210 300
211 299
211 295
210 294
209 295

210 302
211 303
212 302
212 300
211 299
210 300

203 313
204 312
204 311
203 310
203 309
202 308
202 307
203 306
203 299
204 298
204 297
205 296
205 295
206 294
206 293
208 293
208 294
209 295
210 294
210 290
209 289
208 289
207 290
206 290
204 292
202 292
201 293
198 293
197 294
198 295
202 295
202 296
201 297
201 299
200 300
200 303
199 304
199 306
198 307
198 308
199 309
200 309
201 310
201 311

208 321
209 322
212 319
212 316
213 315
212 314
212 313
208 309
209 309
212 312
216 312
217 311
215 309
215 306
217 304
217 303
219 301
219 300
220 299
220 298
221 297
221 294
222 293
222 289
223 288
223 281
224 280
224 277
219 272
218 272
217 271
215 273
215 275
214 276
214 277
213 278
213 279
211 281
210 281
208 283
207 283
205 285
204 285
203 286
202 286
201 287
196 287
195 286
193 286
192 285
191 285
185 279
185 278
184 277
184 274
183 273
183 269
182 268
181 269
181 275
182 276
182 278
183 279
183 280
189 286
188 287
187 287
186 288
187 289
188 289
189 290
189 291
188 291
187 292
186 292
185 293
186 294
188 294
189 295
192 295
193 296
197 296
198 295
197 294
194 294
197 294
198 293
201 293
202 292
203 292
205 290
206 290
207 289
209 289
210 290
210 294
211 295
211 299
212 300
212 302
213 303
214 303
216 301
216 300
217 299
217 298
218 297
218 295
219 294
219 291
220 290
220 285
221 284
221 280
220 279
220 278
219 277
219 275
219 277
220 278
220 279
221 280
221 284
220 285
220 290
219 291
219 294
218 295
218 297
217 298
217 300
215 302
215 303
213 303
212 302
211 303
211 304
212 305
212 306
213 307
213 308
213 307
212 306
212 305
211 304
211 303
210 302
210 300
209 299
209 295
207 293
206 294
206 295
204 297
204 298
203 299
203 307
202 308
203 309
203 310
205 312
205 313
206 314
206 316
207 317
207 319
208 320

191 287

191 292
194 292
195 291
196 291
197 290
200 290
201 289
203 289
205 287
206 287
208 285
209 285
211 283
212 283
216 279
216 277
217 276
217 274
217 276
216 277
216 280
213 283
212 283
210 285
209 285
207 287
206 287
205 288
204 288
203 289
201 289
200 290
197 290
196 291
195 291
194 292

211 308
210 307
208 307
210 307

213 310

163 449
163 448
162 447
162 446
161 445
161 443
160 442
160 440
159 439
159 432
158 431
158 424
159 423
159 415
160 414
160 409
161 408
161 406
162 405
162 403
163 402
163 401
164 400
164 395
163 394
163 393
161 391
161 390
160 389
160 388
159 387
159 385
158 384
158 378
159 377
159 375
160 374
160 372
161 371
161 369
164 366
164 365
167 362
166 361
165 361
165 360
164 359
164 356
163 355
163 352
162 351
162 350
163 349
163 346
164 345
164 344
165 343
165 342
173 334
172 333
172 328
173 327
173 324
180 317
181 317
182 316
183 316
184 315
185 315
188 312
188 309
190 307
194 307
191 307
188 310
188 312
187 313
187 314
188 315
190 313
190 311
192 309
194 309
193 309
190 312
190 313
189 314
189 315
188 316
187 316
186 317
185 317
184 318
183 318
180 321
179 321
177 323
177 324
175 326
175 330
178 333
180 333
177 333
175 331
175 326
176 325
176 324
180 320
181 320
183 318
184 318
185 317
186 317
188 315
187 314
186 314
185 315
184 315
183 316
182 316
180 318
179 318
174 323
174 324
173 325
173 327
172 328
172 332
173 333
173 335
165 343
165 344
163 346
163 349
162 350
162 351
163 352
163 355
164 356
165 355
165 352
166 351
166 348
167 347
167 346
168 345
168 344
170 342
170 341
173 338
174 338
177 335
180 335
178 335
175 338
174 338
170 342
170 343
168 345
168 346
166 348
166 351
165 352
165 355
164 356
164 359
167 362
167 363
164 366
164 367
161 370
161 371
160 372
160 374
159 375
159 377
158 378
158 384
159 385
159 387
161 389
161 390
163 392
163 393
164 394
164 400
163 401
163 402
162 403
162 405
161 406
161 408
160 409
160 414
159 415
159 423
158 424
158 431
159 432
159 439
160 440
160 442
161 443
161 445
162 446
162 447
164 449
165 448
165 446
164 445
164 444
163 443
163 440
162 439
162 431
161 430
161 427
162 426
162 418
163 417
163 413
164 412
164 408
165 407
165 405
166 404
166 401
167 400
167 398
168 397
168 396
169 395
169 393
170 392
170 391
171 390
171 389
172 388
172 387
172 388
171 389
171 390
170 391
170 392
169 393
169 395
168 396
168 397
167 398
167 400
166 401
166 404
165 405
165 407
164 408
164 412
163 413
163 417
162 418
162 426
161 427
161 430
162 431
162 439
163 440
163 443
164 444
164 445
165 446
165 448
166 449
165 448
164 449

